#
#
#  Percent Identity  Matrix - created by Clustal2.1 
#
#

     1: EBOV|JQ352763|Kikwit|Kikwit_DRC|1995-05-04                        100.00   99.01   98.98   96.76   96.70   96.69   96.70   96.70   96.78   96.70   96.72   96.71   96.75   96.74   96.74   97.25   97.31   97.47   97.49   97.49   97.47   97.49   97.49   97.50   97.95   98.49   98.54   98.53   99.95   99.96   99.96   98.85   98.85   98.95   98.95   98.95   98.90
     2: EBOV|HQ613403|M-M|DRC|2007-08-31                                   99.01  100.00   99.97   97.08   97.02   97.01   97.02   97.05   97.10   97.02   97.04   97.03   97.06   97.06   97.06   97.53   97.61   99.96   99.95   99.97   99.96   99.97   99.97   99.99   97.35   97.85   97.90   97.89   97.51   97.51   97.51   97.41   97.41   97.49   97.49   97.49   97.43
     3: EBOV|HQ613402|034-KS|DRC|2008-12-31                                98.98   99.97  100.00   97.00   96.94   96.93   96.94   96.97   97.02   96.94   96.96   96.96   96.98   96.98   96.98   97.46   97.53   99.89   99.88   99.91   99.89   99.91   99.91   99.92   97.32   97.77   97.82   97.81   97.44   97.44   97.44   97.33   97.33   97.41   97.41   97.41   97.36
     4: EBOV|KM034550|EM095|SierraLeone_EM|Kailahun_KissiTeng|2014-05-25   96.76   97.08   97.00  100.00   99.80   99.83   99.81   99.82   99.87   99.83   99.83   99.84   99.85   99.86   99.86   96.65   96.73   97.02   97.04   97.04   97.04   97.06   97.05   97.07   96.55   96.90   96.94   96.94   96.75   96.77   96.76   96.46   96.46   96.50   96.50   96.50   96.52
     5: EBOV|KP658432|Makona-UK2|SierraLeone|Freetown|2014-12-29           96.70   97.02   96.94   99.80  100.00   99.90   99.89   99.92   99.91   99.91   99.94   99.95   99.95   99.94   99.95   96.69   96.76   97.05   97.07   97.07   97.07   97.09   97.08   97.09   96.58   96.94   96.98   96.98   96.79   96.80   96.80   96.49   96.49   96.53   96.53   96.53   96.56
     6: EBOV|CDC|Makona-201403261|Liberia|2014-09-26                       96.69   97.01   96.93   99.83   99.90  100.00   99.92   99.92   99.93   99.93   99.93   99.94   99.95   99.96   99.96   96.72   96.80   97.08   97.10   97.11   97.11   97.13   97.11   97.13   96.61   96.97   97.01   97.01   96.82   96.84   96.84   96.53   96.53   96.57   96.57   96.57   96.59
     7: EBOV|KP260800|Manoka-Mali-DPR2|Mali|2014-11-11                     96.70   97.02   96.94   99.81   99.89   99.92  100.00   99.91   99.92   99.96   99.92   99.93   99.94   99.95   99.95   96.70   96.78   97.06   97.08   97.09   97.09   97.10   97.09   97.11   96.59   96.95   96.99   96.99   96.81   96.83   96.82   96.52   96.52   96.56   96.56   96.56   96.58
     8: EBOV|Makona-G4994.1|SierraLeone_2|2014-08-14                       96.70   97.05   96.97   99.82   99.92   99.92   99.91  100.00   99.93   99.93   99.94   99.95   99.97   99.96   99.96   96.70   96.77   97.07   97.09   97.10   97.10   97.11   97.10   97.12   96.59   96.95   96.99   96.99   96.80   96.82   96.81   96.50   96.50   96.55   96.55   96.55   96.57
     9: EBOV|KJ660346|Kissidougou-C15|Kissidougou_Guinea|2014-03-17        96.78   97.10   97.02   99.87   99.91   99.93   99.92   99.93  100.00   99.94   99.94   99.94   99.96   99.97   99.96   96.78   96.86   97.14   97.16   97.17   97.17   97.18   97.17   97.19   96.67   97.03   97.07   97.07   96.88   96.90   96.89   96.59   96.59   96.63   96.63   96.63   96.65
    10: EBOV|KP260799|Manoka-Mali-DPR1|Mali|2014-10-22                     96.70   97.02   96.94   99.83   99.91   99.93   99.96   99.93   99.94  100.00   99.94   99.94   99.96   99.97   99.96   96.71   96.79   97.08   97.10   97.10   97.10   97.12   97.11   97.13   96.60   96.97   97.01   97.01   96.83   96.85   96.84   96.53   96.53   96.58   96.58   96.58   96.60
    11: EBOV|KP184503|PHE|ManoRiver-UK1.1|SierraLeone_UK|2014-08-25        96.72   97.04   96.96   99.83   99.94   99.93   99.92   99.94   99.94   99.94  100.00   99.96   99.97   99.97   99.97   96.72   96.79   97.08   97.10   97.10   97.10   97.12   97.11   97.13   96.61   96.97   97.01   97.01   96.82   96.84   96.83   96.52   96.52   96.57   96.57   96.57   96.59
    12: EBOV|Makona-G4717.1|SierraLeone_2|2014-08-04                       96.71   97.03   96.96   99.84   99.95   99.94   99.93   99.95   99.94   99.94   99.96  100.00   99.98   99.97   99.98   96.71   96.78   97.06   97.09   97.09   97.09   97.11   97.10   97.11   96.61   96.95   97.00   97.00   96.80   96.82   96.81   96.51   96.51   96.55   96.55   96.55   96.57
    13: EBOV|KM233112|G3851|SierraLeone_G|Kenema_Nongowa|2014-06-18        96.75   97.06   96.98   99.85   99.95   99.95   99.94   99.97   99.96   99.96   99.97   99.98  100.00   99.99   99.99   96.73   96.81   97.09   97.11   97.12   97.12   97.14   97.13   97.14   96.62   96.98   97.02   97.02   96.83   96.85   96.85   96.54   96.54   96.58   96.58   96.58   96.60
    14: EBOV|KM034556|G3677|SierraLeone_G|Kailahun_KissiTeng|2014-05-26    96.74   97.06   96.98   99.86   99.94   99.96   99.95   99.96   99.97   99.97   99.97   99.97   99.99  100.00   99.99   96.75   96.82   97.11   97.13   97.14   97.14   97.15   97.14   97.16   96.63   97.00   97.04   97.04   96.85   96.87   96.86   96.56   96.56   96.60   96.60   96.60   96.62
    15: EBOV|KM233089|G3814|SierraLeone_G|Kailahun_Jawie|2014-06-15        96.74   97.06   96.98   99.86   99.95   99.96   99.95   99.96   99.96   99.96   99.97   99.98   99.99   99.99  100.00   96.74   96.81   97.10   97.12   97.12   97.12   97.14   97.13   97.14   96.63   96.99   97.03   97.03   96.84   96.85   96.85   96.54   96.54   96.58   96.58   96.58   96.61
    16: EBOV|KF113528|Kelle_1|DRC|2003                                     97.25   97.53   97.46   96.65   96.69   96.72   96.70   96.70   96.78   96.71   96.72   96.71   96.73   96.75   96.74  100.00   99.62   97.71   97.74   97.74   97.74   97.76   97.75   97.76   97.32   97.68   97.72   97.72   97.50   97.51   97.50   97.18   97.18   97.23   97.23   97.23   97.26
    17: EBOV|KC242800|Ilembe|Gabon|2002                                    97.31   97.61   97.53   96.73   96.76   96.80   96.78   96.77   96.86   96.79   96.79   96.78   96.81   96.82   96.81   99.62  100.00   97.82   97.84   97.84   97.84   97.86   97.85   97.86   97.40   97.77   97.82   97.82   97.57   97.58   97.57   97.27   97.27   97.32   97.32   97.32   97.35
    18: EBOV|KC242788|Luebo43|Luebo_DRC|2007                               97.47   99.96   99.89   97.02   97.05   97.08   97.06   97.07   97.14   97.08   97.08   97.06   97.09   97.11   97.10   97.71   97.82  100.00   99.93   99.93   99.93   99.96   99.94   99.94   97.64   98.03   98.07   98.07   97.83   97.83   97.83   97.52   97.52   97.57   97.57   97.57   97.60
    19: EBOV|KC242790|Luebo5|Luebo_DRC|2007                                97.49   99.95   99.88   97.04   97.07   97.10   97.08   97.09   97.16   97.10   97.10   97.09   97.11   97.13   97.12   97.74   97.84   99.93  100.00   99.95   99.96   99.97   99.96   99.96   97.66   98.05   98.10   98.10   97.86   97.86   97.86   97.54   97.54   97.58   97.58   97.58   97.61
    20: EBOV|KC242784|Luebo9|Luebo_DRC|2007                                97.49   99.97   99.91   97.04   97.07   97.11   97.09   97.10   97.17   97.10   97.10   97.09   97.12   97.14   97.12   97.74   97.84   99.93   99.95  100.00   99.96   99.97   99.96   99.97   97.67   98.05   98.10   98.10   97.85   97.86   97.85   97.54   97.54   97.59   97.59   97.59   97.62
    21: EBOV|KC242785|Luebo0|Luebo_DRC|2007                                97.47   99.96   99.89   97.04   97.07   97.11   97.09   97.10   97.17   97.10   97.10   97.09   97.12   97.14   97.12   97.74   97.84   99.93   99.96   99.96  100.00   99.97   99.96   99.97   97.67   98.05   98.10   98.10   97.85   97.86   97.85   97.54   97.54   97.59   97.59   97.59   97.62
    22: EBOV|KC242787|Luebo23|Luebo_DRC|2007                               97.49   99.97   99.91   97.06   97.09   97.13   97.10   97.11   97.18   97.12   97.12   97.11   97.14   97.15   97.14   97.76   97.86   99.96   99.97   99.97   99.97  100.00   99.98   99.98   97.68   98.07   98.12   98.12   97.87   97.87   97.87   97.55   97.55   97.61   97.61   97.61   97.63
    23: EBOV|KC242789|Luebo4|Luebo_DRC|2007                                97.49   99.97   99.91   97.05   97.08   97.11   97.09   97.10   97.17   97.11   97.11   97.10   97.13   97.14   97.13   97.75   97.85   99.94   99.96   99.96   99.96   99.98  100.00   99.98   97.67   98.06   98.11   98.11   97.86   97.86   97.86   97.54   97.54   97.59   97.59   97.59   97.62
    24: EBOV|KC242786|Luebo1|Luebo_DRC|2007                                97.50   99.99   99.92   97.07   97.09   97.13   97.11   97.12   97.19   97.13   97.13   97.11   97.14   97.16   97.14   97.76   97.86   99.94   99.96   99.97   99.97   99.98   99.98  100.00   97.69   98.07   98.12   98.12   97.87   97.88   97.87   97.56   97.56   97.61   97.61   97.61   97.64
    25: 17EHV-0121|DRC|2017-05                                             97.95   97.35   97.32   96.55   96.58   96.61   96.59   96.59   96.67   96.60   96.61   96.61   96.62   96.63   96.63   97.32   97.40   97.64   97.66   97.67   97.67   97.68   97.67   97.69  100.00   98.59   98.64   98.64   98.36   98.36   98.36   98.04   98.04   98.09   98.09   98.09   98.12
    26: EBOV|AF272001|Mayinga|Yambuku_DRC|1976                             98.49   97.85   97.77   96.90   96.94   96.97   96.95   96.95   97.03   96.97   96.97   96.95   96.98   97.00   96.99   97.68   97.77   98.03   98.05   98.05   98.05   98.07   98.06   98.07   98.59  100.00   99.94   99.94   98.78   98.79   98.78   98.49   98.49   98.53   98.53   98.53   98.56
    27: EBOV|KC242801|deRoover|DRC|1976                                    98.54   97.90   97.82   96.94   96.98   97.01   96.99   96.99   97.07   97.01   97.01   97.00   97.02   97.04   97.03   97.72   97.82   98.07   98.10   98.10   98.10   98.12   98.11   98.12   98.64   99.94  100.00   99.99   98.83   98.83   98.83   98.53   98.53   98.58   98.58   98.58   98.61
    28: EBOV|KC242791|Bonduni|Tandala_DRC|1977                             98.53   97.89   97.81   96.94   96.98   97.01   96.99   96.99   97.07   97.01   97.01   97.00   97.02   97.04   97.03   97.72   97.82   98.07   98.10   98.10   98.10   98.12   98.11   98.12   98.64   99.94   99.99  100.00   98.83   98.83   98.83   98.53   98.53   98.58   98.58   98.58   98.61
    29: EBOV|AY354458|Zaire|Kikwit_DRC|1995                                99.95   97.51   97.44   96.75   96.79   96.82   96.81   96.80   96.88   96.83   96.82   96.80   96.83   96.85   96.84   97.50   97.57   97.83   97.86   97.85   97.85   97.87   97.86   97.87   98.36   98.78   98.83   98.83  100.00   99.95   99.95   98.97   98.97   99.01   99.01   99.01   99.04
    30: EBOV|KC242799|13709|Kikwit_DRC|1995                                99.96   97.51   97.44   96.77   96.80   96.84   96.83   96.82   96.90   96.85   96.84   96.82   96.85   96.87   96.85   97.51   97.58   97.83   97.86   97.86   97.86   97.87   97.86   97.88   98.36   98.79   98.83   98.83   99.95  100.00   99.99   98.99   98.99   99.03   99.03   99.03   99.06
    31: EBOV|KC242796|13625|Kikwit_DRC|1995                                99.96   97.51   97.44   96.76   96.80   96.84   96.82   96.81   96.89   96.84   96.83   96.81   96.85   96.86   96.85   97.50   97.57   97.83   97.86   97.85   97.85   97.87   97.86   97.87   98.36   98.78   98.83   98.83   99.95   99.99  100.00   98.98   98.98   99.02   99.02   99.02   99.05
    32: EBOV|KC242798|1Ikot|Gabon|1996                                     98.85   97.41   97.33   96.46   96.49   96.53   96.52   96.50   96.59   96.53   96.52   96.51   96.54   96.56   96.54   97.18   97.27   97.52   97.54   97.54   97.54   97.55   97.54   97.56   98.04   98.49   98.53   98.53   98.97   98.99   98.98  100.00  100.00   99.61   99.61   99.61   99.64
    33: EBOV|KC242794|2Nza|Gabon|1996                                      98.85   97.41   97.33   96.46   96.49   96.53   96.52   96.50   96.59   96.53   96.52   96.51   96.54   96.56   96.54   97.18   97.27   97.52   97.54   97.54   97.54   97.55   97.54   97.56   98.04   98.49   98.53   98.53   98.97   98.99   98.98  100.00  100.00   99.61   99.61   99.61   99.64
    34: EBOV|KC242793|1Eko|Gabon|1996                                      98.95   97.49   97.41   96.50   96.53   96.57   96.56   96.55   96.63   96.58   96.57   96.55   96.58   96.60   96.58   97.23   97.32   97.57   97.58   97.59   97.59   97.61   97.59   97.61   98.09   98.53   98.58   98.58   99.01   99.03   99.02   99.61   99.61  100.00  100.00  100.00   99.82
    35: EBOV|KC242797|1Oba|Gabon|1996                                      98.95   97.49   97.41   96.50   96.53   96.57   96.56   96.55   96.63   96.58   96.57   96.55   96.58   96.60   96.58   97.23   97.32   97.57   97.58   97.59   97.59   97.61   97.59   97.61   98.09   98.53   98.58   98.58   99.01   99.03   99.02   99.61   99.61  100.00  100.00  100.00   99.82
    36: EBOV|KC242795|1Mbie|Gabon|1996                                     98.95   97.49   97.41   96.50   96.53   96.57   96.56   96.55   96.63   96.58   96.57   96.55   96.58   96.60   96.58   97.23   97.32   97.57   97.58   97.59   97.59   97.61   97.59   97.61   98.09   98.53   98.58   98.58   99.01   99.03   99.02   99.61   99.61  100.00  100.00  100.00   99.82
    37: EBOV|KC242792|Gabon|Mekouka_Gabon|1994                             98.90   97.43   97.36   96.52   96.56   96.59   96.58   96.57   96.65   96.60   96.59   96.57   96.60   96.62   96.61   97.26   97.35   97.60   97.61   97.62   97.62   97.63   97.62   97.64   98.12   98.56   98.61   98.61   99.04   99.06   99.05   99.64   99.64   99.82   99.82   99.82  100.00
